291.03
14.2734
10.2423
14.7549
19.901
22.4858
12.7273
9.78803
7.6348
4.74225
9.47621
3.86025
14.7578
9.73912
4.66496
7.99282
5.95357
6.03822
5.62784
4.70259
3.15891
5.49964
12.0187
13.8976
2.51995
3.54714
3.10039
8.69593
15.4455
5.27762
7.41477
3.79566
3.4367
4.05078
10.6388
4.88424
6.84089
1.39332
10.6089
0.957406
5.24673
6.42743
6.70954
1.12079
2.04164
3.75107
4.94028
5.63979
0.688858
21.9872
1.72956
16.2643
5.28054
5.56973
1.01932
1.03223
1.16238
4.37658
1.76113
1.35837
5.04917
0.744077
0.982845
1.88803
6.90623
6.96531
2.46878
1.13266
0.636885
0.904135
5.2441
3.53678
1.84118
1.40383
1.99664
0.769794
5.08831
0.315284
0.501882
0.839238
0.751922
1.37086
0.546017
1.02686
0.314653
1.31546
1.51108
0.608242
0.606512
0.43217
2.19251
1.2392
1.87416
0.896977
1.2409
0.643611
1.1473
1.29946
0.407854
0.46231
0.694481
0.285858
0.574758
0.430887
0.315738
0.750267
0.360825
0.403418
0.361285
0.115771
0.527431
0.204315
0.361149
0.123551
0.764153
0.523689
0.177814
0.52449
0.65391
0.289336
0.265853
0.193318
0.326883
0.694236
3.85668
11.2813
3.23299
3.83561
0.489898
0.426061
0.287845
0.385918
0.279543
0.43479
0.768483
1.19942
0.432105
0.305262
0.723615
1.32884
0.720775
0.319942
0.328613
0.716665
3.16071
0.76304
2.18645
16.2071
3.2688
1.71376
5.38583
1.37394
0.773341
1.86417
0.882225
0.475365
0.426703
0.487481
1.04814
0.470699
0.45859
1.02307
0.793286
0.446833
0.693548
0.526678
0.524829
0.156081
0.340306
0.847882
0.574559
0.332063
0.188898
0.256712
0.442279
0.485702
0.186994
0.171089
0.216597
0.311401
1.40087
0.0978669
0.33114
0.30886
0.295117
0.288966
0.260168
0.582706
0.173354
0.151997
0.137324
0.510795
0.216128
0.802825
0.233601
0.15983
0.350823
0.333911
0.779298
0.324935
0.0969292
0.161624
0.387923
0.151961
0.118618
0.0726744
0.253677
0.151751
0.232214
0.229151
0.156529
0.154429
0.301298
0.305234
0.182046
0.151361
0.147356
0.13862
0.119837
0.250747
0.195693
0.494777
0.289594
0.356678
0.453602
0.129698
0.30087
0.15302
0.190646
0.126749
0.154827
0.339151
0.357637
0.152573
0.0926072
0.0404196
0.118286
0.0614716
0.268203
0.208122
0.130094
0.112311
0.108412
0.0917586
0.0919174
0.088818
0.072129
1.07529
0.0998397
0.118927
0.109216
0.142391
0.137986
0.0722442
1.49173
0.306212
0.119267
1.4589
1.13919
0.249207
0.479969
0.190155
0.137967
0.233976
0.278155
0.385635
0.137049
0.23308
0.0735865
0.265607
0.654766
0.112284
0.231352
0.196581
0.108537
3.11071
0.102121
0.0528735
0.112066
0.132389
0.116331
0.0875025
0.0656811
0.0855089
0.201901
0.118997
0.0406016
0.122966
0.183111
0.36992
0.22951
0.0733771
0.27626
0.0986618
0.0544705
0.377612
0.0698048
0.146448
0.573812
0.779738
0.103338
0.0989829
0.204045
0.0686438
0.12915
0.07953
0.0597315
0.0600396
0.249269
0.133252
0.191933
0.184075
0.086377
0.0614936
0.0604399
0.0726336
0.0872616
0.0463725
0.101767
0.041147
0.0481421
0.0257436
0.0375858
0.0639875
0.12494
0.0851144
0.0374895
0.38241
0.0436463
0.0616539
0.0542081
0.0878998
0.101163
0.128862
0.0346273
0.0368282
0.0492062
0.0124456
0.0198652
0.05002
0.100173
0.0510172
0.0946963
0.143418
0.0405337
0.030133
0.0691828
0.0415222
0.0688417
0.0903928
0.131885
1.85939
2.48093
0.0317351
0.07944
0.0877164
0.0590505
0.0156223
0.0462862
0.210883
0.0793273
0.0454612
0.100976
0.0311552
0.0627555
0.0386056
0.0562613
0.143509
0.0580968
0.0308251
0.155656
0.0329845
0.0495168
0.0239636
0.0755543
0.0498519
0.0582113
0.0663704
0.0502834
0.0418288
0.0292952
0.0270678
0.0526542
0.104678
0.0389783
0.0142964
0.294223
0.030003
0.0210522
0.0859795
0.0496588
0.0996366
0.0988185
0.0473991
0.037621
0.634343
0.0411532
0.0834911
0.0276814
0.147555
0.0444622
0.0272891
0.0350276
0.0695358
1.17496
0.0335837
0.0528358
0.0159377
0.030971
0.0324365
0.0574019
0.150291
0.0298857
0.0177009
0.0281104
0.00495004
