294.509
29.221
28.7456
12.6453
17.9067
12.7558
15.371
15.3429
37.3595
10.0678
15.2558
5.69923
8.1903
6.73737
26.5259
20.9309
5.01485
6.28561
7.25193
21.3294
14.0959
9.67269
3.80843
18.9037
5.91641
5.64482
19.5378
3.60987
17.845
7.06967
3.67684
8.1758
15.7668
17.5706
3.03116
1.34326
6.90516
3.58563
5.65822
0.905469
15.7167
2.8002
14.6321
3.65337
6.39724
7.54111
4.69157
3.51957
8.90963
9.05525
4.30285
1.72707
4.2132
4.23875
9.05913
9.88724
2.89308
9.42954
2.51254
3.70852
6.88038
1.03607
5.14695
1.88523
1.83325
3.63525
10.0771
10.5135
5.35154
1.46464
8.73247
6.5233
7.21608
1.30906
0.937402
21.2422
6.74145
5.68416
5.60254
6.38127
3.49552
1.45237
2.60975
3.24438
0.605679
1.95395
2.01339
3.8625
1.79817
3.3548
1.70098
2.39814
0.802426
1.23331
0.631518
9.62172
0.244119
0.644963
0.217582
0.954186
0.477344
6.4314
1.28258
2.40679
0.499083
0.799222
0.936264
0.383992
0.414768
0.883432
0.532351
1.41988
2.55068
1.86568
0.226695
0.295316
0.189187
1.32603
0.203671
1.1699
0.305955
1.36421
0.587567
0.438821
0.677619
0.671761
14.4233
0.183198
2.16915
0.38252
0.788683
7.60369
2.8043
0.239143
0.292812
0.167647
0.279968
0.357858
0.30873
0.425382
0.149716
0.292564
0.148987
0.183971
0.988035
0.286288
0.571294
1.51866
0.623833
0.230911
0.366766
0.210132
1.92734
0.268693
0.115237
0.15151
0.354516
2.05481
1.23542
0.710872
0.107601
0.57147
0.102425
0.236378
0.121414
0.269965
0.0833652
0.355193
0.606773
0.769477
0.0555494
0.196348
0.213343
0.184546
0.215585
0.414952
0.213935
3.17485
0.223672
0.131484
0.115939
0.100712
0.15575
0.146023
0.153419
0.133338
0.0741143
0.162542
0.11477
0.674692
0.0755302
0.124395
0.145672
0.469841
0.125872
0.0652642
0.271271
0.199357
0.11843
0.199197
0.0545967
4.41644
0.198325
0.271296
0.0388936
0.0395955
0.274469
0.120235
0.0638879
0.0997443
0.269872
0.26756
0.159464
0.17425
0.184821
0.0743375
0.362229
0.147602
0.0573924
0.0976602
1.27543
0.100474
0.121156
0.17875
0.167515
0.057454
0.10731
0.496647
0.39876
0.294744
0.0541429
0.0516497
0.0858555
0.384255
0.0430328
0.136619
0.0836185
0.153041
0.0799383
0.109024
0.0667189
0.157903
0.107597
0.0797812
0.0945649
0.10055
0.107195
0.377486
0.362648
8.48566
0.0620367
0.053129
0.136267
0.0748937
0.101415
0.0575699
0.0497016
0.0962373
0.389336
0.287119
0.0797503
0.0634667
0.0476834
0.14833
0.0440798
0.111354
0.318116
0.173968
0.146465
0.0572238
0.120126
0.0559593
0.0724287
0.191882
0.109948
0.120255
0.0203581
0.0390796
0.125623
0.086322
0.532402
0.0600835
0.153898
0.111721
0.0556135
0.0903346
0.0514893
0.244035
0.369273
0.611071
0.0344672
0.0406117
0.0305181
0.22636
0.068242
0.0369358
0.0832005
0.0700691
0.0904311
0.144714
0.230042
0.0313809
0.129652
0.153107
0.0194204
0.101915
0.140361
0.0597086
0.117601
0.0421264
0.0401746
0.0882646
0.0233051
0.116523
0.0297112
0.103219
0.0657142
0.236196
0.0308236
0.0134712
0.0468302
0.212831
0.0253016
0.153353
0.0562441
0.0915731
0.0333208
0.0827115
0.0988988
0.0442439
0.0536779
0.0763815
0.248592
0.0307102
0.0354341
0.0627853
0.0756153
0.10587
0.0833668
0.0629642
0.168716
0.0960057
0.0338813
0.0419772
0.0288859
0.0362831
0.0458468
0.120138
0.0657877
0.0875177
0.0818087
0.225594
0.0409618
0.266338
0.166983
0.251327
0.0532742
0.0693721
0.229198
0.0329135
0.0654068
0.076804
0.0562379
0.0749808
0.0232136
0.0368226
0.0227864
2.211
0.0227815
0.0141616
0.030926
0.0149928
0.0868986
0.105335
0.0960104
0.350883
0.0180249
0.0957939
0.018764
0.0988351
0.0247205
0.0946261
0.026088
0.0235209
0.0328412
0.032606
0.0436867
0.0350006
0.116609
0.0394303
0.0160452
0.0225021
0.0203407
0.222533
0.0278931
0.0261169
0.0368585
0.023985
0.0185357
0.115784
0.0440966
0.00916118
0.0350557
0.0487809
0.0233489
0.0432749
0.0323893
0.0267055
0.0414398
0.0441669
0.00797751
0.0177833
0.0235846
0.0208302
0.0289924
0.0148777
0.124262
0.0363239
0.0213432
0.0234641
0.0294026
0.0164951
0.0244246
0.0300341
0.031103
0.0194796
0.021714
0.0455137
0.0293885
0.0223388
0.0382553
0.0584175
0.0140924
0.00904764
0.0401688
0.0181342
0.044209
0.0172279
0.0392068
0.0497186
0.13504
0.0302714
0.0047725
